image_width: 640
image_height: 480
camera_name: head_camera
camera_matrix:
  rows: 3
  cols: 3
  data: [610.399957, 0, 326.725022, 0, 613.318536, 259.192098, 0, 0, 1]
distortion_model: plumb_bob
distortion_coefficients:
  rows: 1
  cols: 5
  data: [0.036292, -0.134427, 0.001991, -0.002343, 0]
rectification_matrix:
  rows: 3
  cols: 3
  data: [1, 0, 0, 0, 1, 0, 0, 0, 1]
projection_matrix:
  rows: 3
  cols: 4
  data: [609.461426, 0, 325.151749, 0, 0, 613.615112, 259.330462, 0, 0, 0, 1, 0]

